Sequence,Protein,Start,End,B-cell Epitope,HLA-I alleles,HLA-II alleles,HLA-I coverage,HLA-II coverage,Class I H2-b,Class II H2-b,Class I H2-d,Class II H2-d,sources,num_sources
KPFERDISTEIYQAGSTPCNG,S,462,482,RKSNLKPFERDISTEIY,HLA-B*07:02,HLA-DQA1*05:05/DQB1*03:01,0.2,0.21,-,+,-,-,selected-bcell-cd4-h2b-21mer.csv,1
GFNFSQILPDPSKPSKRSFIE,S,799,819,PSKP,HLA-A*03:01,"HLA-DRB1*04:01,HLA-DRB1*01:01",0.21,0.23,-,+,-,-,selected-bcell-cd4-h2b-21mer.csv;selected-bcell-cd4-cd8-21mer.csv;selected-bcell-cd4-21mer.csv;selected-bcell-21mer.csv,4
YNYLYRLFRKSNLKPFERDIS,S,449,469,RKSNLKPFERDISTEIY,"HLA-C*07:02,HLA-A*11:01,HLA-B*08:01,HLA-A*03:01,HLA-C*06:02,HLA-C*07:01","HLA-DRB1*13:01,HLA-DRB1*11:01,HLA-DRB1*07:01",0.73,0.38,+,-,-,-,selected-bcell-cd4-cd8-21mer.csv;selected-bcell-cd4-21mer.csv,2
YRLFRKSNLKPFERDISTEIY,S,453,473,RKSNLKPFERDISTEIY,"HLA-C*07:02,HLA-B*07:02,HLA-A*11:01,HLA-B*08:01,HLA-A*03:01,HLA-C*06:02,HLA-C*07:01",HLA-DRB1*07:01,0.78,0.23,+,-,-,-,selected-bcell-cd4-cd8-21mer.csv;selected-bcell-cd4-21mer.csv;selected-bcell-cd8-h2b-21mer.csv;selected-bcell-cd8-21mer.csv;selected-bcell-21mer.csv,5
QTLEILDITPCSFGGVSVITP,S,580,600,QTLE,HLA-C*05:01,HLA-DQA1*05:05/DQB1*03:01,0.13,0.21,-,-,-,-,selected-bcell-cd4-cd8-21mer.csv;selected-bcell-cd4-21mer.csv,2
DVVIGIVNNTVYDPLQPELDS,S,1127,1147,QPELD,HLA-C*04:01,HLA-DRB1*01:01,0.23,0.13,-,-,+,-,selected-bcell-cd4-cd8-21mer.csv;selected-bcell-cd4-21mer.csv,2
NYNYLYRLFRKSNLKPFERDI,S,448,468,RKSNLKPFERDISTEIY,"HLA-C*07:02,HLA-A*11:01,HLA-A*24:02,HLA-B*08:01,HLA-A*03:01,HLA-C*06:02,HLA-C*07:01","HLA-DRB1*13:01,HLA-DRB1*11:01,HLA-DRB1*07:01",0.77,0.38,+,-,+,-,selected-bcell-cd8-h2b-h2d-21mer.csv;selected-bcell-cd8-h2d-21mer.csv,2
VYDPLQPELDSFKEELDKYFK,S,1137,1157,QPELD,HLA-C*04:01,,0.23,0.0,-,-,+,-,selected-bcell-cd8-h2d-21mer.csv;selected-bcell-cd8-21mer.csv;selected-bcell-21mer.csv,3
PSKPSKRSFIEDLLFNKVTLA,S,809,829,PSKP,"HLA-A*02:01,HLA-A*11:01,HLA-B*08:01,HLA-A*03:01",,0.66,0.0,+,-,-,-,selected-bcell-cd8-h2b-21mer.csv;selected-bcell-cd8-21mer.csv,2
PQTLEILDITPCSFGGVSVIT,S,579,599,QTLE,HLA-C*05:01,,0.13,0.0,-,-,-,-,selected-bcell-cd8-21mer.csv,1
QFGRDIADTTDAVRDPQTLEI,S,564,584,QTLE,,,0.0,0.0,-,-,-,-,selected-bcell-21mer.csv,1
LLQFAYANRNRFLYIIKLIFL,M,34,54,,"HLA-B*08:01,HLA-C*07:02,HLA-B*35:01,HLA-C*03:04,HLA-C*06:02,HLA-C*07:01,HLA-A*02:01,HLA-A*24:02,HLA-A*01:01","HLA-DRB1*13:01,HLA-DRB1*03:01,HLA-DRB1*11:01",0.89,0.36,+,+,+,+,selected-tcell-cd4-cd8-h2b-h2d-21mer.csv;selected-tcell-cd4-cd8-h2d-21mer.csv;selected-tcell-cd4-cd8-h2b-21mer.csv;selected-tcell-cd4-h2b-h2d-21mer.csv;selected-tcell-cd4-h2d-21mer.csv;selected-tcell-cd4-21mer.csv;selected-tcell-cd8-h2b-h2d-21mer.csv;selected-tcell-cd8-h2b-21mer.csv;selected-tcell-cd8-h2d-21mer.csv;selected-tcell-cd8-21mer.csv,10
LSYFIASFRLFARTRSMWSFN,M,93,113,,"HLA-C*06:02,HLA-C*07:02,HLA-B*07:02,HLA-B*08:01,HLA-C*03:04,HLA-C*07:01,HLA-A*24:02","HLA-DRB1*07:01,HLA-DRB1*11:01,HLA-DRB1*13:01,HLA-DRB1*04:01",0.78,0.46,+,+,+,+,selected-tcell-cd4-cd8-h2b-h2d-21mer.csv;selected-tcell-cd4-cd8-h2d-21mer.csv,2
IAQFAPSASAFFGMSRIGMEV,N,304,324,,"HLA-A*11:01,HLA-A*02:01,HLA-A*24:02,HLA-C*03:04","HLA-DRB1*11:01,HLA-DRB1*07:01,HLA-DQA1*05:05/DQB1*03:01,HLA-DRB1*13:01",0.63,0.51,+,+,+,+,selected-tcell-cd4-cd8-h2b-h2d-21mer.csv;selected-tcell-cd4-cd8-h2d-21mer.csv,2
LTDEMIAQYTSALLAGTITSG,S,865,885,,"HLA-C*03:04,HLA-A*01:01,HLA-B*35:01","HLA-DQA1*01:02/DQB1*06:02,HLA-DQA1*03:03/DQB1*03:01,HLA-DQA1*05:05/DQB1*03:01,HLA-DRB1*01:01,HLA-DRB1*07:01,HLA-DRB1*15:01",0.42,0.73,+,+,+,+,selected-tcell-cd4-cd8-h2b-h2d-21mer.csv;selected-tcell-cd4-cd8-h2d-21mer.csv,2
FVLAAVYRINWITGGIAIAMA,M,65,85,,HLA-A*02:01,"HLA-DRB1*01:01,HLA-DRB1*07:01,HLA-DRB1*13:01,HLA-DRB1*15:01,HLA-DQA1*05:05/DQB1*03:01,HLA-DQA1*01:02/DQB1*06:02,HLA-DQA1*03:03/DQB1*03:01",0.42,0.76,+,+,-,+,selected-tcell-cd4-cd8-h2b-21mer.csv;selected-tcell-cd4-h2b-21mer.csv,2
IGMEVTPSGTWLTYTGAIKLD,N,320,340,,"HLA-A*01:01,HLA-B*35:01,HLA-B*44:02,HLA-B*44:03,HLA-C*03:04","HLA-DRB1*01:01,HLA-DRB1*07:01,HLA-DRB1*13:01,HLA-DRB1*15:01",0.54,0.52,+,+,-,-,selected-tcell-cd4-cd8-h2b-21mer.csv,1
LSSNFGAISSVLNDILSRLDK,S,966,986,,"HLA-A*11:01,HLA-A*02:01,HLA-A*03:01","HLA-DRB1*01:01,HLA-DQA1*05:05/DQB1*03:01,HLA-DRB1*04:01,HLA-DRB1*07:01,HLA-DRB1*03:01",0.59,0.62,+,+,-,+,selected-tcell-cd4-cd8-h2b-21mer.csv;selected-tcell-cd4-cd8-21mer.csv,2
GTRNPANNAAIVLQLPQGTTL,N,147,167,,HLA-B*07:02,"HLA-DQA1*01:02/DQB1*06:02,HLA-DRB1*01:01,HLA-DRB1*13:01,HLA-DQA1*05:05/DQB1*03:01",0.2,0.55,-,+,-,+,selected-tcell-cd4-h2b-h2d-21mer.csv;selected-tcell-cd4-cd8-21mer.csv,2
VTQQLIRAAEIRASANLAATK,S,1008,1028,,"HLA-A*11:01,HLA-B*44:02,HLA-B*44:03","HLA-DRB1*01:01,HLA-DQA1*01:02/DQB1*06:02,HLA-DQA1*03:03/DQB1*03:01,HLA-DQA1*05:05/DQB1*03:01,HLA-DRB1*04:01,HLA-DRB1*07:01,HLA-DRB1*11:01,HLA-DRB1*13:01,HLA-DRB1*15:01",0.3,0.81,-,+,-,+,selected-tcell-cd4-h2b-h2d-21mer.csv;selected-tcell-cd4-cd8-21mer.csv;selected-tcell-cd4-h2d-21mer.csv;selected-tcell-cd4-h2b-21mer.csv;selected-tcell-cd4-21mer.csv,5
RVAGDSGFAAYSRYRIGNYKL,M,186,206,,"HLA-A*24:02,HLA-C*07:02,HLA-C*03:04,HLA-C*06:02,HLA-A*01:01,HLA-A*03:01,HLA-A*11:01","HLA-DRB1*11:01,HLA-DRB1*15:01,HLA-DRB1*13:01,HLA-DQA1*05:05/DQB1*03:01",0.76,0.5,+,-,+,-,selected-tcell-cd4-cd8-21mer.csv,1
KQQTVTLLPAADLDDFSKQLQ,N,388,408,,HLA-B*35:01,"HLA-DQA1*01:02/DQB1*06:02,HLA-DRB1*01:01,HLA-DQA1*05:01/DQB1*02:01",0.11,0.52,-,-,-,+,selected-tcell-cd4-cd8-21mer.csv;selected-tcell-cd4-h2d-21mer.csv;selected-tcell-cd4-21mer.csv,3
GTWLTYTGAIKLDDKDPNFKD,N,328,348,,"HLA-C*05:01,HLA-C*03:04","HLA-DRB1*01:01,HLA-DRB1*07:01,HLA-DRB1*13:01,HLA-DRB1*15:01,HLA-DRB1*03:01",0.26,0.62,+,+,-,-,selected-tcell-cd4-h2b-21mer.csv,1
SASAFFGMSRIGMEVTPSGTW,N,310,330,,"HLA-A*11:01,HLA-B*44:02,HLA-B*44:03,HLA-A*02:01,HLA-C*03:04","HLA-DRB1*11:01,HLA-DRB1*13:01,HLA-DQA1*05:05/DQB1*03:01",0.65,0.37,+,-,+,-,selected-tcell-cd8-h2b-h2d-21mer.csv;selected-tcell-cd8-h2b-21mer.csv,2
GYQPYRVVVLSFELLHAPATV,S,504,524,,"HLA-A*24:02,HLA-B*07:02,HLA-A*02:01,HLA-B*08:01,HLA-C*03:04,HLA-C*07:02",HLA-DRB1*01:01,0.79,0.13,+,+,+,+,selected-tcell-cd8-h2b-h2d-21mer.csv,1
SSVLNDILSRLDKVEAEVQID,S,974,994,,"HLA-A*02:01,HLA-C*05:01,HLA-A*11:01,HLA-A*03:01","HLA-DRB1*13:01,HLA-DRB1*03:01",0.65,0.28,+,-,-,-,selected-tcell-cd8-h2b-21mer.csv,1
LSPRWYFYYLGTGPEAGLPYG,N,104,124,,"HLA-A*01:01,HLA-B*07:02,HLA-B*08:01","HLA-DRB1*04:01,HLA-DRB1*01:01",0.49,0.23,+,+,+,-,selected-tcell-cd8-h2d-21mer.csv;selected-tcell-cd8-21mer.csv,2
SLIDLQELGKYEQYIKWPWYI,S,1196,1216,,"HLA-A*01:01,HLA-A*03:01,HLA-A*11:01,HLA-A*24:02,HLA-B*44:02,HLA-B*44:03,HLA-A*02:01",,0.8,0.0,-,-,+,-,selected-tcell-cd8-h2d-21mer.csv;selected-tcell-cd8-21mer.csv,2
